48,3
80,2
80,0
0,46
0,311
0,268
0,265
0,264
93,12
93,11
93,10
93,9
93,8
93,7
93,6
93,5
93,4
93,3
93,2
93,1
93,0
0,262
0,259
0,256
0,547
0,254
92,123
92,122
92,121
92,120
92,119
92,118
92,117
92,116
92,115
92,114
92,113
92,112
92,111
92,110
92,109
92,108
92,107
92,106
92,105
92,104
92,103
92,102
92,101
0,253
92,100
92,99
92,98
92,97
92,96
92,95
92,94
92,93
92,92
92,91
92,90
92,89
92,88
92,87
92,86
92,85
92,84
92,83
92,82
92,81
92,80
92,79
92,78
0,252
92,77
92,76
92,75
92,74
92,73
92,72
92,71
92,70
92,69
92,68
92,67
92,66
92,65
92,64
92,35
92,34
92,33
92,32
92,31
92,30
92,29
92,28
0,251
0,2
92,27
0,384
92,26
92,25
0,575
92,24
92,23
0,574
92,22
0,573
92,21
92,20
0,572
92,19
92,18
0,571
92,17
0,570
92,16
92,15
0,569
92,14
92,13
0,568
92,12
0,567
92,11
92,10
0,566
92,9
92,8
0,565
92,7
0,564
0,0
92,6
92,5
92,4
0,272
0,271
92,3
92,2
0,12
0,275
0,276
0,10
0,8
92,1
92,0
90,123
90,122
90,121
90,120
90,119
90,118
90,117
90,116
90,115
91,12
90,114
90,113
90,112
90,111
90,110
90,109
90,108
90,107
90,106
90,105
90,104
91,11
90,103
90,102
90,101
90,100
90,99
90,98
90,97
90,96
90,95
89,7
90,94
90,93
90,92
90,91
91,10
90,90
90,89
90,88
90,87
90,86
90,85
90,84
90,83
90,82
90,81
90,80
90,79
90,78
90,77
90,76
91,9
90,75
90,74
90,73
90,72
90,71
90,70
91,8
89,6
90,69
90,68
90,67
90,66
90,65
90,64
90,35
90,34
90,33
90,32
91,7
90,31
90,30
90,29
89,5
89,4
90,28
90,27
90,26
90,25
90,24
90,23
90,22
